2292 129964438 3059496032
2292 229910605 3059496032
2292 329904772 3059496032
2292 429897272 3059496032
2292 529896855 3059496032
2292 629908397 3059496032
2292 729903772 3059496032
2292 829901313 3059496032
2292 929911397 3059496032
2293 29913563 3059496032
2293 129922188 3059496032
2293 229947647 3059496032
2293 329942022 3059496032
2293 429914147 3059496032
2293 529915897 3059496032
2293 629939938 3059496032
2293 729931188 3059496032
2293 829953980 3059496032
2293 929944272 3059496032
2294 29974897 3059496032
2294 129931063 3059496032
2294 229936813 3059496032
2294 329935105 3059496032
2294 429940522 3059496032
2294 529934105 3059496032
2294 629937688 3059496032
2294 729936563 3059496032
2294 829936230 3059496032
2294 929943605 3059496032
2295 29941564 3059496032
2295 129942022 3059496032
2295 229952730 3059496032
2295 329956480 3059496032
2295 429946022 3059496032
2295 529953772 3059496032
2295 629970564 3059496032
2295 729979647 3059496032
2295 829965522 3059496032
2295 929976355 3059496032
2296 29980230 3059496032
2296 129970564 3059496032
2296 229991730 3059496032
2296 329971397 3059496032
2296 429962230 3059496032
2296 529956397 3059496032
2296 629968147 3059496032
2296 729961480 3059496032
2296 829969522 3059496032
2296 929976522 3059496032
2297 29964814 3059496032
