807364834
800668041
800414292
800362916
800376709
800481708
800380459
800479166
800514875
800361125
800359541
800365167
800383459
800357250
800352416
800356958
800459167
800370334
800457458
800346125
800347917
800350917
800990876
800498541
800483917
800424667
800460750
800356041
800359708
800475792
800403083
800450625
800396417
800380667
800349417
800397208
800440042
800420042
800393042
800354084
800353584
800367916
800371166
800357334
800356125
800400833
800348625
800347792
800362208
800369292
800368917
800357125
800354375
800345000
800364167
800401959
800478667
800364083
800350042
800327250
800479959
800410001
800390584
800465000
800389708
800413667
800359333
800375000
800363750
800440000
800417792
800355292
800339916
800358083
800348583
800434959
800367417
800363875
800353334
800376917
800372708
800356625
800378209
800351667
800333750
800334459
800344083
800379125
800365875
800348459
800351167
800347250
800356001
800357250
800347083
800356833
800339000
800522875
800417625
800408834
800419291
800375583
800503333
800403875
800387500
800395417
800447500
800397375
800486833
800409875
800390542
800349750
800356292
800378084
800383417
800426209
800364416
800367250
800343792
800356875
800350292
800353625
800330000
800344250
800340458
800345833
800424042
800361584
800354708
800372708
800351292
800344126
800348625
800376166
800352834
800466042
800486875
800358833
800366333
800389917
800454583
800398876
800413917
800374125
800359667
800344458
800479500
800454084
800410709
800455750
800379709
800403708
800353292
800359000
800397125
800365625
800375667
800346292
800346083
800358542
800340584
800438625
800370417
800369125
800434125
800462375
800381584
800366541
800361083
800352417
800354167
800337584
800343542
800467834
800405916
800390375
800391584
800389000
800365250
800399208
800356375
800341125
800352292
800496501
800423708
800425292
800436250
800386334
800380125
800421417
800399501
800474208
800414708
800364709
800350376
800458625
800350291
800346042
800350041
800354792
800328334
800345209
800364250
800383166
800397333
800397500
800348667
800349958
800361958
800363875
800333750
800494459
800407125
800358291
800361708
800454500
800366792
800384250
800360583
800356167
800346000
800441833
800400625
800360417
800357667
800405792
800361375
800359750
800448791
800415000
800385125
800359916
800346167
800341333
800424417
800452333
800371542
800350875
800346333
800353042
800347625
800377666
800385416
800370625
800352042
800355750
800434584
800356000
800336583
800476208
800425292
800389959
800390875
800375376
800401000
800446625
800316583
800363792
800349375
800351666
800350126
800432042
800387666
800345541
800491917
800511417
800422500
800407750
800358250
800342125
800398583
800397458
800490125
800401875
800378625
800453834
800336167
800370958
800360792
800397625
800386166
800360417
800351083
800358666
800352000
800362959
800500542
800410834
800371042
800362875
800367291
800340875
800414583
800380875
800373958
800358417
800343375
800349250
800354501
800351750
800348541
800330167
800347084
800448333
800416500
800464333
800374041
800356542
800348041
800458125
800399625
800356375
800364042
800350250
800351750
800527458
800385667
800335583
800393917
800381667
800360459
800325916
800351042
800370084
800479750
800475458
800374500
800368875
800354000
800373292
800392750
800343250
800355625
800350417
800336708
800337875
800516333
800392750
800373292
800362000
800350251
800348334
800378584
800390583
800363500
800574916
800470750
800377500
800373792
800371375
800350292
800339084
800413333
800480667
800409251
800482666
800378250
800362584
800383584
800363417
800352458
800351792
800481584
800401000
800469875
800383625
800348875
800371292
800361958
800378875
800372834
800358917
800361458
800343708
800328708
